File,Signature,StartLine,EndLine,Suspiciousness
org.jsoup.helper.DataUtil,"parseInputStream(InputStream,String,String,Parser)",96,179,1.0
org.jsoup.safety.Whitelist,"addEnforcedAttribute(String,String,String)",318,349,0.98931605
org.jsoup.examples.HtmlToPlainText,main(String),34,54,0.98323244
org.jsoup.select.Elements,eachAttr(String),86,100,0.9803045
"org.jsoup.nodes.Entities.escape(Appendable,String,Document","OutputSettings,boolean,boolean,boolean)",173,246,0.9496963
org.jsoup.safety.Whitelist,"isSafeAttribute(String,Element,Attribute)",489,521,0.9451169
org.jsoup.safety.Whitelist,"testValidProtocol(Element,Attribute,Set<Protocol>)",523,550,0.94470143
org.jsoup.nodes.FormElement,formData(),73,112,0.9228863
org.jsoup.nodes.Node,absUrl(String),159,190,0.9199135
org.jsoup.helper.W3CDom.W3CBuilder.updateNamespaces(org.jsoup.nodes,Element),135,158,0.9128105
org.jsoup.nodes.Element,className(),1236,1243,0.91098684
org.jsoup.nodes.Attributes,iterator(),249,270,0.8925792
org.jsoup.nodes.Attributes,asList(),272,285,0.8925792
org.jsoup.select.Elements,attr(String),58,71,0.8665024
org.jsoup.safety.Whitelist,"removeEnforcedAttribute(String,String)",351,372,0.8665024
org.jsoup.safety.Whitelist,"addProtocols(String,String,String)",394,438,0.8665024
org.jsoup.safety.Whitelist,"removeProtocols(String,String,String)",440,478,0.8665024
org.jsoup.nodes.LeafNode,attr(String),41,48,0.8665024
org.jsoup.nodes.Node,attr(String),43,69,0.8665024
org.jsoup.nodes.Attributes.Dataset.DatasetIterator,hasNext(),425,431,0.84713805
org.jsoup.select.Elements,hasAttr(String),73,84,0.82188773
org.jsoup.nodes.LeafNode,"attr(String,String)",50,59,0.82188773
org.jsoup.nodes.LeafNode,hasAttr(String),61,65,0.82188773
org.jsoup.nodes.LeafNode,removeAttr(String),67,71,0.82188773
org.jsoup.nodes.Attributes.Dataset.DatasetIterator,next(),433,435,0.82188773
org.jsoup.nodes.Element,"attr(String,String)",185,194,0.82188773
org.jsoup.nodes.Element,"attr(String,boolean)",196,209,0.82188773
org.jsoup.nodes.Node,"attr(String,String)",77,88,0.82188773
org.jsoup.nodes.Node,hasAttr(String),90,104,0.82188773
org.jsoup.nodes.Node,removeAttr(String),106,115,0.82188773
org.jsoup.select.Elements,"attr(String,String)",102,113,0.8218877
org.jsoup.select.Elements,removeAttr(String),115,125,0.8218877
org.jsoup.safety.Whitelist,getEnforcedAttributes(String),556,566,0.8218877
"org.jsoup.nodes.DocumentType.outerHtmlHead(Appendable,int,Document",OutputSettings),83,100,0.81754106
"org.jsoup.Jsoup.clean(String,String,Whitelist,Document",OutputSettings),218,238,0.8027653
org.jsoup.nodes.Attributes.Dataset.DatasetIterator,remove(),437,439,0.7915807
"org.jsoup.nodes.Element.outerHtmlHead(Appendable,int,Document",OutputSettings),1395,1416,0.78602386
org.jsoup.nodes.Comment,asXmlDeclaration(),70,84,0.7848666
org.jsoup.safety.Cleaner,createSafeElement(Element),146,163,0.77644664
org.jsoup.nodes.DocumentType,has(String),106,108,0.77644664
org.jsoup.nodes.Element,hasClass(String),1274,1321,0.77644664
org.jsoup.parser.TreeBuilder,"processStartTag(String,Attributes)",73,80,0.77644664
org.jsoup.parser.Token.StartTag,"nameAttr(String,Attributes)",232,237,0.77644664
org.jsoup.nodes.Attributes,addAll(Attributes),233,247,0.7461395
org.jsoup.examples.Wikipedia,main(String[]),14,22,0.73286206
org.jsoup.examples.ListLinks,main(String[]),15,44,0.73286206
org.jsoup.nodes.DocumentType,"DocumentType(String,String,String)",22,38,0.7250344
org.jsoup.nodes.DocumentType,"DocumentType(String,String,String,String)",40,55,0.7250344
org.jsoup.nodes.DocumentType,"DocumentType(String,String,String,String,String)",57,72,0.7250344
org.jsoup.helper.HttpConnection.Response.execute(Connection,"Request,Response)",705,802,0.7219164
org.jsoup.Jsoup,"isValid(String,Whitelist)",240,251,0.71704787
org.jsoup.helper.W3CDom.W3CBuilder.head(org.jsoup.nodes,"Node,int)",83,117,0.68101954
org.jsoup.nodes.FormElement,submit(),55,71,0.67247105
org.jsoup.safety.Cleaner,isValid(Document),63,81,0.65383095
"org.jsoup.nodes.Attributes.html(Appendable,Document",OutputSettings),311,326,0.6369725
org.jsoup.examples.Wikipedia,"log(String,String)",24,26,0.6300459
org.jsoup.examples.ListLinks,"print(String,Object)",46,48,0.6300459
org.jsoup.nodes.Document,ensureMetaCharsetElement(),295,363,0.61391324
org.jsoup.nodes.Element,select(String),351,373,0.61305153
org.jsoup.parser.Tokeniser,"consumeCharacterReference(Character,boolean)",132,205,0.60817236
org.jsoup.nodes.Attribute.shouldCollapseAttribute(Document,OutputSettings),154,162,0.60666543
org.jsoup.nodes.Element,dataset(),211,226,0.59995663
"org.jsoup.nodes.Attribute.html(String,String,Appendable,Document",OutputSettings),113,120,0.5923578
"org.jsoup.nodes.Attribute.shouldCollapseAttribute(String,String,Document",OutputSettings),164,168,0.5923578
org.jsoup.nodes.Element,appendElement(String),487,498,0.5810251
org.jsoup.nodes.Element,prependElement(String),500,511,0.5810251
org.jsoup.nodes.Element,"getElementsByAttributeValueMatching(String,String)",922,936,0.57752496
"org.jsoup.nodes.XmlDeclaration.getWholeDeclaration(Appendable,Document",OutputSettings),65,72,0.56205076
org.jsoup.nodes.Document.OutputSettings,syntax(Syntax),465,474,0.5612243
org.jsoup.Jsoup,"clean(String,String,Whitelist)",186,202,0.55672246
org.jsoup.Jsoup,"clean(String,Whitelist)",204,216,0.55672246
org.jsoup.nodes.Attributes,html(),296,309,0.5469167
org.jsoup.nodes.Attribute,html(),98,111,0.5469167
org.jsoup.parser.XmlTreeBuilder.insert(Token,StartTag),75,87,0.5195848
org.jsoup.select.QueryParser,byAttribute(),239,271,0.5171339
org.jsoup.safety.Whitelist,relaxed(),143,182,0.51249397
org.jsoup.parser.HtmlTreeBuilder.insert(Token,StartTag),197,211,0.51120377
org.jsoup.helper.W3CDom.convert(org.jsoup.nodes,"Document,Document)",52,65,0.5109092
org.jsoup.parser.HtmlTreeBuilder.insertEmpty(Token,StartTag),224,237,0.5107883
org.jsoup.helper.W3CDom.W3CBuilder.copyAttributes(org.jsoup.nodes,"Node,Element)",126,133,0.510031
org.jsoup.nodes.Element,classNames(),1245,1257,0.50820726
org.jsoup.nodes.Element,childElementsList(),278,297,0.50237143
org.jsoup.nodes.Element,doClone(Node),1474,1483,0.50237143
org.jsoup.select.QueryParser,parse(),48,79,0.50080526
org.jsoup.select.QueryParser,findElements(),148,208,0.49939865
org.jsoup.select.Evaluator.MatchText,"matches(Element,Element)",758,771,0.49229577
org.jsoup.nodes.Attributes,hashCode(),350,360,0.48979965
org.jsoup.safety.Whitelist,simpleText(),82,92,0.47983953
org.jsoup.parser.HtmlTreeBuilder,"isSameFormattingElement(Element,Element)",616,622,0.47983953
org.jsoup.parser.HtmlTreeBuilder,reconstructFormattingElements(),624,660,0.47983953
org.jsoup.select.Evaluator.AttributeStarting,"matches(Element,Element)",158,166,0.47972393
org.jsoup.nodes.DocumentType,setPubSysKey(String),73,76,0.47852772
org.jsoup.nodes.Element,val(),1371,1380,0.47770128
org.jsoup.nodes.Element,"Element(Tag,String,Attributes)",56,72,0.47629464
org.jsoup.parser.Parser,"parseBodyFragment(String,String)",155,175,0.47440678
org.jsoup.helper.HttpConnection.Response,parse(),825,837,0.46428585
org.jsoup.select.Evaluator.AttributeStarting,AttributeStarting(String),153,156,0.46372283
org.jsoup.select.Evaluator.AttributeKeyPair,"AttributeKeyPair(String,String)",306,316,0.46372283
org.jsoup.safety.Whitelist,"addAttributes(String,String)",238,272,0.46372283
org.jsoup.safety.Whitelist,"removeAttributes(String,String)",274,316,0.46372283
org.jsoup.nodes.Attributes,get(String),93,102,0.46372283
org.jsoup.nodes.Attributes,getIgnoreCase(String),104,112,0.46372283
org.jsoup.nodes.Attribute,"Attribute(String,String,Attributes)",36,49,0.46372283
org.jsoup.nodes.Attribute,setKey(String),59,73,0.46372283
org.jsoup.nodes.Element,"getElementsByAttributeValue(String,String)",856,865,0.46372283
org.jsoup.parser.TokenQueue,consumeAttributeKey(),382,392,0.46372283
org.jsoup.nodes.Element,getElementsByAttribute(String),830,841,0.4637228
org.jsoup.nodes.Element,getElementsByAttributeStarting(String),843,854,0.4637228
org.jsoup.safety.Cleaner.CleaningVisitor,"head(Node,int)",106,131,0.46079248
org.jsoup.select.Evaluator.Attribute,"matches(Element,Element)",135,138,0.44822067
org.jsoup.select.Evaluator.AttributeWithValue,"matches(Element,Element)",183,186,0.44822067
org.jsoup.select.Evaluator.AttributeWithValueNot,"matches(Element,Element)",203,206,0.44822067
org.jsoup.select.Evaluator.AttributeWithValueStarting,"matches(Element,Element)",223,226,0.44822067
org.jsoup.select.Evaluator.AttributeWithValueEnding,"matches(Element,Element)",243,246,0.44822067
org.jsoup.select.Evaluator.AttributeWithValueContaining,"matches(Element,Element)",263,266,0.44822067
org.jsoup.select.Evaluator.AttributeWithValueMatching,"matches(Element,Element)",287,290,0.44822067
org.jsoup.safety.Whitelist,preserveRelativeLinks(boolean),374,392,0.447207
org.jsoup.nodes.Element,empty(),611,618,0.44598758
org.jsoup.nodes.Node,clearAttributes(),117,128,0.44435853
org.jsoup.nodes.LeafNode,coreValue(),33,35,0.4330866
org.jsoup.nodes.LeafNode,coreValue(String),37,39,0.4330866
org.jsoup.nodes.Element,val(String),1382,1393,0.4330866
org.jsoup.parser.Parser,"unescapeEntities(String,boolean)",177,186,0.42707816
org.jsoup.parser.HtmlTreeBuilder,"initialiseParse(Reader,String,Parser)",63,80,0.4232291
org.jsoup.select.Evaluator.Attribute,Attribute(String),131,133,0.41910818
org.jsoup.select.Evaluator.AttributeWithValue,"AttributeWithValue(String,String)",179,181,0.41910818
org.jsoup.select.Evaluator.AttributeWithValueNot,"AttributeWithValueNot(String,String)",199,201,0.41910818
org.jsoup.select.Evaluator.AttributeWithValueStarting,"AttributeWithValueStarting(String,String)",219,221,0.41910818
org.jsoup.select.Evaluator.AttributeWithValueEnding,"AttributeWithValueEnding(String,String)",239,241,0.41910818
org.jsoup.select.Evaluator.AttributeWithValueContaining,"AttributeWithValueContaining(String,String)",259,261,0.41910818
org.jsoup.select.Evaluator.AttributeWithValueMatching,"AttributeWithValueMatching(String,Pattern)",282,285,0.41910818
org.jsoup.safety.Whitelist.AttributeKey,AttributeKey(String),581,583,0.41910818
org.jsoup.safety.Whitelist.AttributeKey,valueOf(String),585,587,0.41910818
org.jsoup.nodes.LeafNode,absUrl(String),73,77,0.41910818
org.jsoup.nodes.Attributes,"put(String,String)",122,135,0.41910818
org.jsoup.nodes.Attributes,"put(String,boolean)",148,160,0.41910818
org.jsoup.nodes.Attributes,remove(String),187,195,0.41910818
org.jsoup.nodes.Attributes,removeIgnoreCase(String),197,205,0.41910818
org.jsoup.nodes.Attributes,hasKey(String),207,214,0.41910818
org.jsoup.nodes.Attributes,hasKeyIgnoreCase(String),216,223,0.41910818
org.jsoup.nodes.Attributes,dataset(),287,294,0.41910818
org.jsoup.nodes.Attributes.Dataset,"put(String,String)",397,403,0.41910818
org.jsoup.nodes.Attribute,"Attribute(String,String)",26,34,0.41910818
org.jsoup.nodes.Attribute,getKey(),51,57,0.41910818
org.jsoup.nodes.Attribute,setValue(String),83,96,0.41910818
org.jsoup.nodes.Attribute,"createFromEncoded(String,String)",135,144,0.41910818
org.jsoup.nodes.Attribute,isDataAttribute(String),150,152,0.41910818
org.jsoup.nodes.Attribute,isBooleanAttribute(String),177,182,0.41910818
org.jsoup.nodes.Element,"getElementsByAttributeValueNot(String,String)",867,876,0.41910818
org.jsoup.nodes.Element,"getElementsByAttributeValueStarting(String,String)",878,887,0.41910818
org.jsoup.nodes.Element,"getElementsByAttributeValueEnding(String,String)",889,898,0.41910818
org.jsoup.nodes.Element,"getElementsByAttributeValueContaining(String,String)",900,909,0.41910818
org.jsoup.nodes.Element,"getElementsByAttributeValueMatching(String,Pattern)",911,920,0.41910818
org.jsoup.nodes.BooleanAttribute,BooleanAttribute(String),8,14,0.41910818
org.jsoup.internal.StringUtil,"resolve(String,String)",210,230,0.4182817
org.jsoup.safety.Whitelist,removeTags(String),216,236,0.4182817
org.jsoup.nodes.Element,id(),176,183,0.4182817
org.jsoup.nodes.Element,classNames(Set<String>),1259,1272,0.4182817
org.jsoup.parser.Tokeniser,unescapeEntities(boolean),272,295,0.4182817
org.jsoup.parser.Token.Tag,newAttribute(),100,123,0.4182817
org.jsoup.parser.XmlTreeBuilder,"initialiseParse(Reader,String,Parser)",29,34,0.41538453
org.jsoup.select.Elements,wrap(String),370,385,0.41418684
"org.jsoup.nodes.Element.outerHtmlTail(Appendable,int,Document",OutputSettings),1418,1426,0.41235676
org.jsoup.nodes.Element,shallowClone(),1468,1472,0.40137297
org.jsoup.parser.XmlTreeBuilder.insert(Token,Comment),89,100,0.3967711
org.jsoup.parser.ParseSettings,"ParseSettings(boolean,boolean)",28,36,0.39677107
org.jsoup.nodes.Attributes,put(Attribute),162,172,0.38880113
org.jsoup.nodes.Attributes,equals(Object),333,348,0.38880113
org.jsoup.nodes.Attributes,clone(),362,374,0.38880113
org.jsoup.nodes.Attribute,isDataAttribute(),146,148,0.38880113
org.jsoup.nodes.Attribute,isBooleanAttribute(),170,175,0.38880113
org.jsoup.nodes.Attribute,equals(Object),184,191,0.38880113
org.jsoup.safety.Whitelist,Whitelist(),184,198,0.38797465
org.jsoup.parser.Token.Tag,reset(),86,98,0.38797465
org.jsoup.parser.Token.Tag,setEmptyAttributeValue(),203,205,0.38797465
org.jsoup.select.Elements,unwrap(),387,406,0.38482186
org.jsoup.select.Elements,remove(),426,443,0.3838798
org.jsoup.Jsoup,connect(String),61,74,0.38349363
org.jsoup.nodes.Node,wrap(String),339,368,0.37726986
org.jsoup.select.Elements,addClass(String),127,137,0.3736671
org.jsoup.select.Elements,removeClass(String),139,149,0.3736671
org.jsoup.select.Elements,toggleClass(String),151,161,0.3736671
org.jsoup.select.Elements,hasClass(String),163,174,0.3736671
org.jsoup.safety.Whitelist.AttributeValue,AttributeValue(String),591,593,0.3736671
org.jsoup.safety.Whitelist.AttributeValue,valueOf(String),595,597,0.3736671
org.jsoup.nodes.LeafNode,ensureAttributes(),23,31,0.3736671
org.jsoup.nodes.Attribute,getValue(),75,81,0.3736671
org.jsoup.nodes.Attribute,toString(),126,133,0.3736671
org.jsoup.nodes.Element,Element(String),48,54,0.3736671
org.jsoup.nodes.Element,addClass(String),1323,1336,0.3736671
org.jsoup.nodes.Element,removeClass(String),1338,1351,0.3736671
org.jsoup.nodes.Element,toggleClass(String),1353,1369,0.3736671
org.jsoup.nodes.PseudoTextElement,"PseudoTextElement(Tag,String,Attributes)",11,13,0.3736671
org.jsoup.parser.ParseSettings,normalizeAttribute(String),48,56,0.3736671
org.jsoup.parser.Token.Tag,appendAttributeName(String),169,171,0.3736671
org.jsoup.parser.Token.Tag,appendAttributeName(char),173,175,0.3736671
org.jsoup.parser.Token.StartTag,toString(),239,245,0.3736671
org.jsoup.nodes.FormElement,"FormElement(Tag,String,Attributes)",20,29,0.37366703
org.jsoup.parser.Token.Tag,appendAttributeValue(String),177,184,0.37366703
org.jsoup.nodes.Document,createShell(String),37,52,0.36298275
org.jsoup.select.Elements,empty(),408,424,0.3509699
org.jsoup.parser.HtmlTreeBuilder,"parseFragment(String,Element,String,Parser)",82,131,0.35058376
org.jsoup.safety.Whitelist,basic(),94,127,0.34336
org.jsoup.safety.Whitelist,basicWithImages(),129,141,0.34336
org.jsoup.nodes.LeafNode,hasAttributes(),13,15,0.34336
org.jsoup.nodes.LeafNode,attributes(),17,21,0.34336
org.jsoup.nodes.Attributes,size(),225,231,0.34336
org.jsoup.nodes.Attributes.Dataset,Dataset(Attributes),388,390,0.34336
org.jsoup.nodes.Attribute,clone(),200,207,0.34336
org.jsoup.nodes.Element,hasAttributes(),93,96,0.34336
org.jsoup.nodes.Element,attributes(),98,103,0.34336
org.jsoup.nodes.Node,Node(),22,26,0.34336
org.jsoup.nodes.Node,hasSameValue(Object),623,634,0.34336
org.jsoup.nodes.BooleanAttribute,isBooleanAttribute(),16,19,0.34336
org.jsoup.parser.ParseSettings,normalizeAttributes(Attributes),58,63,0.34336
org.jsoup.parser.Tokeniser,emit(Token),75,89,0.34336
org.jsoup.parser.Token.Tag,finaliseTag(),125,131,0.34336
org.jsoup.parser.Token.Tag,getAttributes(),154,157,0.34336
org.jsoup.parser.Token.Tag,appendAttributeValue(char),186,189,0.34336
org.jsoup.parser.Token.Tag,appendAttributeValue(char[]),191,194,0.34336
org.jsoup.parser.Token.Tag,appendAttributeValue(int[]),196,201,0.34336
org.jsoup.parser.Token.Tag,ensureAttributeValue(),207,214,0.34336
org.jsoup.parser.Token.StartTag,StartTag(),218,222,0.34336
org.jsoup.parser.Token.StartTag,reset(),224,230,0.34336
org.jsoup.parser.HtmlTreeBuilder.insertForm(Token,"StartTag,boolean)",239,247,0.34336
org.jsoup.safety.Cleaner,clean(Document),47,61,0.3326757
org.jsoup.nodes.Document,text(String),201,210,0.3183681
"org.jsoup.nodes.TextNode.outerHtmlHead(Appendable,int,Document",OutputSettings),96,103,0.3097292
org.jsoup.parser.XmlTreeBuilder,"parseFragment(String,String,Parser)",142,146,0.30014783
org.jsoup.helper.W3CDom.fromJsoup(org.jsoup.nodes,Document),32,50,0.29977548
org.jsoup.parser.TreeBuilder,"initialiseParse(Reader,String,Parser)",30,43,0.29257083
org.jsoup.parser.TreeBuilder,"parse(Reader,String,Parser)",45,49,0.29257083
org.jsoup.parser.XmlTreeBuilder.insert(Token,Doctype),107,111,0.2919478
org.jsoup.nodes.Element,html(),1428,1440,0.28766102
org.jsoup.select.Elements,not(String),456,469,0.27864942
org.jsoup.select.QueryParser,"cssNthChild(boolean,boolean)",294,325,0.27821064
org.jsoup.helper.HttpConnection.Response.writePost(Connection,"Request,OutputStream,String)",1018,1068,0.27777028
org.jsoup.helper.HttpConnection.Response.createConnection(Connection,Request),886,910,0.27777025
org.jsoup.nodes.Element,cssSelector(),631,661,0.27523547
org.jsoup.select.Selector,"select(String,Iterable<Element>)",107,132,0.27477244
org.jsoup.nodes.Document,Document(String),26,35,0.26969153
org.jsoup.nodes.Document.OutputSettings,prettyPrint(),476,483,0.25929326
org.jsoup.nodes.Document,title(),79,87,0.24817134
org.jsoup.parser.HtmlTreeBuilder,maybeSetBaseUri(Element),176,186,0.24213491
org.jsoup.nodes.Attributes,remove(int),175,185,0.24151188
org.jsoup.parser.Token.Doctype,reset(),44,52,0.24151188
org.jsoup.helper.W3CDom.W3CBuilder,W3CBuilder(Document),78,81,0.23915975
org.jsoup.helper.W3CDom,asString(Document),162,179,0.23915975
org.jsoup.parser.CharacterReader,"cacheString(char[],String[],int,int)",456,493,0.23416492
org.jsoup.helper.HttpConnection.Response.setOutputContentType(Connection,Request),1003,1016,0.23232915
org.jsoup.nodes.Document.OutputSettings,charset(),412,422,0.22666071
org.jsoup.nodes.Attributes,"copyOf(String[],int)",63,68,0.22637784
org.jsoup.parser.Token.Doctype,getSystemIdentifier(),66,68,0.22637784
org.jsoup.select.Selector.SelectorParseException,"SelectorParseException(String,Object)",163,165,0.22019769
org.jsoup.parser.ParseError,"ParseError(int,String,Object)",15,18,0.22019769
"org.jsoup.nodes.Attribute.html(Appendable,Document",OutputSettings),122,124,0.21869075
org.jsoup.nodes.Element,tagName(String),144,155,0.21825838
org.jsoup.parser.Tag,"valueOf(String,ParseSettings)",50,76,0.21825838
org.jsoup.parser.HtmlTreeBuilder,insertNode(Node),269,283,0.21642968
org.jsoup.parser.Parser,"parseBodyFragmentRelaxed(String,String)",188,197,0.21336246
org.jsoup.safety.Cleaner,isValidBodyHtml(String),83,91,0.21336244
org.jsoup.Jsoup,"parseBodyFragment(String,String)",138,149,0.21336244
org.jsoup.Jsoup,parseBodyFragment(String),151,161,0.21336244
org.jsoup.select.Evaluator.Attribute,toString(),140,143,0.21222773
org.jsoup.select.Evaluator.AttributeStarting,toString(),168,171,0.21222773
org.jsoup.select.Evaluator.AttributeWithValue,toString(),188,191,0.21222773
org.jsoup.select.Evaluator.AttributeWithValueNot,toString(),208,211,0.21222773
org.jsoup.select.Evaluator.AttributeWithValueStarting,toString(),228,231,0.21222773
org.jsoup.select.Evaluator.AttributeWithValueEnding,toString(),248,251,0.21222773
org.jsoup.select.Evaluator.AttributeWithValueContaining,toString(),268,271,0.21222773
org.jsoup.select.Evaluator.AttributeWithValueMatching,toString(),292,295,0.21222773
org.jsoup.examples.HtmlToPlainText.FormattingVisitor,append(String),97,123,0.21140124
org.jsoup.nodes.NodeUtils,parser(Node),20,26,0.20885266
org.jsoup.parser.HtmlTreeBuilder,getDocument(),168,170,0.20885266
org.jsoup.nodes.Document.OutputSettings,charset(String),434,442,0.20355672
"org.jsoup.nodes.Node.indent(Appendable,int,Document",OutputSettings),607,609,0.2035567
"org.jsoup.nodes.Entities.escape(String,Document",OutputSettings),142,159,0.2035567
org.jsoup.nodes.XmlDeclaration,getWholeDeclaration(),51,63,0.2035567
org.jsoup.helper.Validate,"notEmpty(String,String)",95,103,0.1977354
org.jsoup.internal.ConstrainableInputStream,"ConstrainableInputStream(InputStream,int,int)",26,33,0.19607078
org.jsoup.internal.ConstrainableInputStream,expired(),113,120,0.19607078
org.jsoup.helper.DataUtil,detectCharsetFromBom(ByteBuffer),241,260,0.19607078
org.jsoup.nodes.Document,createElement(String),104,111,0.19216701
org.jsoup.select.Elements,tagName(String),291,303,0.1887238
org.jsoup.nodes.Element,getElementsMatchingText(String),997,1011,0.1887238
org.jsoup.nodes.Element,getElementsMatchingOwnText(String),1023,1037,0.1887238
org.jsoup.nodes.Element,data(),1203,1234,0.18634573
org.jsoup.nodes.Document,normalise(),113,139,0.18305539
org.jsoup.parser.Tag,equals(Object),204,220,0.18109417
org.jsoup.parser.Tag,hashCode(),222,234,0.18109417
org.jsoup.parser.HtmlTreeBuilder,clearFormattingElementsToLastMarker(),662,668,0.18109417
org.jsoup.nodes.Node,unwrap(),370,393,0.17824559
org.jsoup.nodes.Entities,"load(EscapeMode,String,int)",314,354,0.1737739
org.jsoup.nodes.Element,tagName(),125,133,0.17364374
org.jsoup.parser.Tag,valueOf(String),78,89,0.17364374
org.jsoup.nodes.NodeUtils,outputSettings(Node),11,18,0.17324965
org.jsoup.nodes.Document,charset(),247,257,0.17324965
org.jsoup.nodes.Document.OutputSettings.escapeMode(Entities,EscapeMode),401,410,0.17324965
org.jsoup.nodes.Document.OutputSettings,charset(Charset),424,432,0.17324965
"org.jsoup.nodes.Comment.outerHtmlHead(Appendable,int,Document",OutputSettings),45,52,0.17324963
"org.jsoup.nodes.Comment.outerHtmlTail(Appendable,int,Document",OutputSettings),54,54,0.17324963
"org.jsoup.nodes.DocumentType.outerHtmlTail(Appendable,int,Document",OutputSettings),102,104,0.17324963
"org.jsoup.nodes.DataNode.outerHtmlHead(Appendable,int,Document",OutputSettings),51,53,0.17324963
"org.jsoup.nodes.DataNode.outerHtmlTail(Appendable,int,Document",OutputSettings),55,55,0.17324963
"org.jsoup.nodes.CDataNode.outerHtmlHead(Appendable,int,Document",OutputSettings),29,34,0.17324963
"org.jsoup.nodes.CDataNode.outerHtmlTail(Appendable,int,Document",OutputSettings),36,43,0.17324963
org.jsoup.nodes.Document,charset(Charset),217,245,0.17324963
org.jsoup.nodes.Document,clone(),288,293,0.17324963
org.jsoup.nodes.Document.OutputSettings,syntax(),457,463,0.17324963
org.jsoup.nodes.Document,outputSettings(),548,554,0.17324963
org.jsoup.nodes.Document,outputSettings(OutputSettings),556,565,0.17324963
"org.jsoup.nodes.Node.OuterHtmlVisitor.OuterHtmlVisitor(Appendable,Document",OutputSettings),701,705,0.17324963
"org.jsoup.nodes.TextNode.outerHtmlTail(Appendable,int,Document",OutputSettings),105,105,0.17324963
"org.jsoup.nodes.PseudoTextElement.outerHtmlHead(Appendable,int,Document",OutputSettings),15,17,0.17324963
"org.jsoup.nodes.PseudoTextElement.outerHtmlTail(Appendable,int,Document",OutputSettings),19,21,0.17324963
"org.jsoup.nodes.XmlDeclaration.outerHtmlHead(Appendable,int,Document",OutputSettings),74,83,0.17324963
"org.jsoup.nodes.XmlDeclaration.outerHtmlTail(Appendable,int,Document",OutputSettings),85,86,0.17324963
org.jsoup.parser.Tag,isSelfClosing(),146,153,0.16742836
org.jsoup.examples.HtmlToPlainText,getPlainText(Element),56,66,0.1667866
org.jsoup.examples.HtmlToPlainText.FormattingVisitor,"tail(Node,int)",88,94,0.1667866
org.jsoup.select.Evaluator.Tag,toString(),53,56,0.1667866
org.jsoup.select.Evaluator.TagEndsWith,toString(),75,78,0.1667866
org.jsoup.select.Evaluator.Id,toString(),96,99,0.1667866
org.jsoup.select.Evaluator.Class,toString(),118,121,0.1667866
org.jsoup.select.Evaluator.IndexLessThan,toString(),348,351,0.1667866
org.jsoup.select.Evaluator.IndexGreaterThan,toString(),368,371,0.1667866
org.jsoup.select.Evaluator.IndexEquals,toString(),388,391,0.1667866
org.jsoup.select.Evaluator.CssNthEvaluator,toString(),454,461,0.1667866
org.jsoup.select.Evaluator.ContainsText,toString(),664,667,0.1667866
org.jsoup.select.Evaluator.ContainsData,toString(),685,688,0.1667866
org.jsoup.select.Evaluator.ContainsOwnText,toString(),706,709,0.1667866
org.jsoup.select.Evaluator.Matches,toString(),728,731,0.1667866
org.jsoup.select.Evaluator.MatchesOwn,toString(),750,753,0.1667866
org.jsoup.select.StructuralEvaluator.Has,toString(),30,33,0.1667866
org.jsoup.select.StructuralEvaluator.Not,toString(),45,48,0.1667866
org.jsoup.select.StructuralEvaluator.Parent,toString(),71,74,0.1667866
org.jsoup.select.StructuralEvaluator.ImmediateParent,toString(),90,93,0.1667866
org.jsoup.select.StructuralEvaluator.PreviousSibling,toString(),116,119,0.1667866
org.jsoup.select.StructuralEvaluator.ImmediatePreviousSibling,toString(),135,138,0.1667866
org.jsoup.parser.HtmlTreeBuilder,getActiveFormattingElement(String),684,693,0.1667866
org.jsoup.helper.HttpConnection.Response,Response(Response),692,699,0.1667866
org.jsoup.nodes.Element,getElementsByClass(String),813,828,0.16484728
org.jsoup.nodes.Element,text(),1048,1086,0.16484728
org.jsoup.helper.HttpConnection.Response,body(),854,864,0.16292652
org.jsoup.parser.TokenQueue,consume(String),158,173,0.15353622
org.jsoup.nodes.Entities,escape(String),161,170,0.15312077
org.jsoup.helper.Validate,"notNull(Object,String)",19,27,0.15312077
org.jsoup.helper.Validate,"isTrue(boolean,String)",38,46,0.15312077
org.jsoup.helper.Validate,"isFalse(boolean,String)",57,65,0.15312077
org.jsoup.helper.Validate,"noNullElements(Object[],String)",75,84,0.15312077
org.jsoup.helper.Validate,fail(String),105,111,0.15312077
org.jsoup.nodes.Node,clone(),636,666,0.1530635
org.jsoup.nodes.Element,nextElementSibling(),680,698,0.14793853
org.jsoup.select.QueryParser,combinator(char),81,131,0.14173108
org.jsoup.nodes.Document,normaliseTextNodes(Element),142,158,0.13722132
org.jsoup.parser.Tag,formatAsBlock(),100,107,0.13647954
org.jsoup.parser.HtmlTreeBuilder,lastFormattingElement(),585,587,0.13647954
org.jsoup.parser.HtmlTreeBuilder,removeLastFormattingElement(),589,595,0.13647954
org.jsoup.parser.HtmlTreeBuilder,pushActiveFormattingElements(Element),598,614,0.13647954
org.jsoup.parser.HtmlTreeBuilder,removeFromActiveFormattingElements(Element),670,678,0.13647954
org.jsoup.parser.HtmlTreeBuilder,isInActiveFormattingElements(Element),680,682,0.13647954
org.jsoup.parser.HtmlTreeBuilder,"replaceActiveFormattingElement(Element,Element)",695,697,0.13647954
org.jsoup.parser.HtmlTreeBuilder,insertMarkerToFormattingElements(),699,701,0.13647954
org.jsoup.nodes.Document,location(),54,61,0.13415407
org.jsoup.Jsoup,"parse(String,String)",22,32,0.13415407
org.jsoup.Jsoup,"parse(String,String,Parser)",34,46,0.13415407
org.jsoup.Jsoup,parse(String),48,59,0.13415407
org.jsoup.Jsoup,"parse(File,String,String)",76,89,0.13415407
org.jsoup.Jsoup,"parse(File,String)",91,104,0.13415407
org.jsoup.Jsoup,"parse(InputStream,String,String)",106,119,0.13415407
org.jsoup.Jsoup,"parse(InputStream,String,String,Parser)",121,136,0.13415407
org.jsoup.Jsoup,"parse(URL,int)",163,184,0.13415407
org.jsoup.parser.XmlTreeBuilder,"parse(Reader,String)",36,38,0.13415407
org.jsoup.parser.XmlTreeBuilder,"parse(String,String)",40,42,0.13415407
org.jsoup.parser.Parser,"parseInput(String,String)",30,32,0.13415407
org.jsoup.parser.Parser,"parseInput(Reader,String)",34,36,0.13415407
org.jsoup.parser.Parser,"parse(String,String)",97,108,0.13415407
org.jsoup.parser.Parser,"parseFragment(String,Element,String)",110,123,0.13415407
org.jsoup.parser.Parser,"parseFragment(String,Element,String,ParseErrorList)",125,141,0.13415407
org.jsoup.parser.Parser,"parseXmlFragment(String,String)",143,153,0.13415407
org.jsoup.helper.DataUtil,"load(File,String,String)",45,55,0.13415407
org.jsoup.helper.DataUtil,"load(InputStream,String,String)",57,67,0.13415407
org.jsoup.helper.DataUtil,"load(InputStream,String,String,Parser)",69,80,0.13415407
org.jsoup.nodes.Element,ownText(),1112,1127,0.13293464
org.jsoup.nodes.Element,text(String),1169,1182,0.13293464
org.jsoup.helper.HttpConnection.Response,prepareByteData(),839,852,0.13261946
org.jsoup.internal.StringUtil,"join(Collection,String)",21,29,0.13130558
org.jsoup.internal.StringUtil,"join(Iterator,String)",31,51,0.13130558
org.jsoup.nodes.Attributes.Dataset.EntrySet,iterator(),407,410,0.13130558
org.jsoup.nodes.Document,body(),71,77,0.1296443
org.jsoup.select.Selector,"select(String,Element)",81,92,0.1283328
org.jsoup.select.Selector,"selectFirst(String,Element)",151,160,0.1283328
org.jsoup.select.QueryParser,has(),334,339,0.1283328
org.jsoup.select.QueryParser,not(),373,379,0.1283328
org.jsoup.nodes.Element,"Element(Tag,String)",74,84,0.1283328
org.jsoup.nodes.Element,html(String),1451,1461,0.1283328
org.jsoup.nodes.Element,getElementById(String),794,811,0.12535763
org.jsoup.nodes.TextNode,isBlank(),67,73,0.12535763
org.jsoup.internal.StringUtil,isActuallyWhitespace(int),124,132,0.12322915
org.jsoup.select.Selector,"filterOut(Collection<Element>,Collection<Element>)",135,149,0.122813724
org.jsoup.nodes.Document.OutputSettings,clone(),533,545,0.122813724
org.jsoup.helper.DataUtil,"crossStreams(InputStream,OutputStream)",82,94,0.122813724
org.jsoup.internal.StringUtil,isWhitespace(int),114,122,0.12281371
org.jsoup.internal.ConstrainableInputStream,readToByteBuffer(int),72,99,0.12281371
org.jsoup.nodes.Document.OutputSettings,OutputSettings(),385,387,0.12281371
org.jsoup.nodes.Document.OutputSettings,prepareEncoder(),444,450,0.12281371
org.jsoup.nodes.Document.OutputSettings,prettyPrint(boolean),485,493,0.12281371
org.jsoup.nodes.Document.OutputSettings,outline(),495,502,0.12281371
org.jsoup.nodes.Document.OutputSettings,outline(boolean),504,512,0.12281371
org.jsoup.nodes.Document.OutputSettings,indentAmount(int),522,531,0.12281371
org.jsoup.nodes.Node,outerHtml(Appendable),574,576,0.12281371
org.jsoup.parser.Tag,isFormListed(),183,189,0.12281371
org.jsoup.nodes.Entities,codepointForName(String),55,58,0.120362826
org.jsoup.nodes.Entities,nameForCodepoint(int),60,69,0.120362826
org.jsoup.helper.HttpConnection,data(String),216,227,0.120362826
org.jsoup.helper.HttpConnection,data(String),237,244,0.120362826
org.jsoup.helper.HttpConnection.Base,removeHeader(String),461,467,0.120362826
org.jsoup.helper.HttpConnection.Base,getHeadersCaseInsensitive(String),485,494,0.120362826
org.jsoup.helper.HttpConnection.Base,hasCookie(String),517,520,0.120362826
org.jsoup.helper.HttpConnection.KeyVal,key(String),1141,1145,0.120362826
org.jsoup.helper.HttpConnection.KeyVal,contentType(String),1175,1180,0.120362826
org.jsoup.nodes.Element,wrap(String),620,629,0.12023266
org.jsoup.parser.HtmlTreeBuilder,resetInsertionMode(),412,459,0.109515436
org.jsoup.helper.HttpConnection,requestBody(String),246,249,0.109515436
org.jsoup.helper.HttpConnection.Request,requestBody(String),637,640,0.109515436
org.jsoup.helper.HttpConnection.Request,requestBody(),642,644,0.109515436
org.jsoup.select.Evaluator.IsRoot,"matches(Element,Element)",579,583,0.10844886
org.jsoup.select.Evaluator.IsEmpty,"matches(Element,Element)",622,629,0.10844886
org.jsoup.nodes.Document,parser(),580,586,0.10384701
org.jsoup.nodes.Document,parser(Parser),588,597,0.10384701
org.jsoup.parser.Parser,Parser(TreeBuilder),20,28,0.10384701
org.jsoup.helper.HttpConnection,get(),282,286,0.10384701
org.jsoup.helper.HttpConnection,post(),288,292,0.10384701
org.jsoup.nodes.LeafNode,ensureChildNodes(),94,97,0.10262757
org.jsoup.nodes.Element,ensureChildNodes(),86,91,0.10262757
org.jsoup.nodes.Element,children(),266,276,0.10262757
org.jsoup.nodes.Element,textNodes(),308,331,0.10262757
org.jsoup.nodes.Element,dataNodes(),333,349,0.10262757
org.jsoup.nodes.Element,siblingElements(),663,678,0.10262757
org.jsoup.nodes.Node,childNodes(),203,210,0.10262757
org.jsoup.nodes.Node,siblingNodes(),479,494,0.10262757
org.jsoup.nodes.Attributes.Dataset.EntrySet,size(),412,419,0.10099852
org.jsoup.parser.Tag,isKnownTag(),155,162,0.09885221
org.jsoup.nodes.Node,siblingIndex(),526,534,0.09092281
org.jsoup.helper.W3CDom.W3CBuilder.tail(org.jsoup.nodes,"Node,int)",119,124,0.09092281
org.jsoup.nodes.Element,isBlock(),166,174,0.08992559
org.jsoup.select.Evaluator.IsLastChild,toString(),405,408,0.08832
org.jsoup.select.Evaluator.IsNthChild,getPseudoClass(),484,486,0.08832
org.jsoup.select.Evaluator.IsNthLastChild,getPseudoClass(),504,507,0.08832
org.jsoup.select.Evaluator.IsFirstChild,toString(),567,570,0.08832
org.jsoup.select.Evaluator.IsOnlyChild,toString(),596,599,0.08832
org.jsoup.nodes.Document,"normaliseStructure(String,Element)",161,179,0.08832
org.jsoup.nodes.Document,"findFirstElementByTagName(String,Node)",182,194,0.08832
org.jsoup.nodes.Element,appendText(String),513,524,0.08832
org.jsoup.nodes.Element,prependText(String),526,537,0.08832
org.jsoup.nodes.Element,ownText(StringBuilder),1129,1138,0.08832
org.jsoup.parser.HtmlTreeBuilder.insert(Token,Character),254,267,0.08832
org.jsoup.select.QueryParser,parse(String),34,46,0.08371814
org.jsoup.select.QueryParser,consumeIndex(),327,331,0.08371814
org.jsoup.select.Elements,html(String),305,316,0.08371814
org.jsoup.select.Elements,is(String),482,494,0.08371814
org.jsoup.select.Elements,"siblings(String,boolean,boolean)",564,579,0.08371814
org.jsoup.nodes.Element,is(String),386,393,0.08371814
org.jsoup.nodes.Element,append(String),539,550,0.08371814
org.jsoup.nodes.Element,prepend(String),552,563,0.08371814
org.jsoup.nodes.Node,"addSiblingHtml(int,String)",330,337,0.08371814
org.jsoup.parser.ParseError,"ParseError(int,String)",10,13,0.08371814
org.jsoup.parser.XmlTreeBuilder,"parseFragment(String,Element,String,Parser)",148,150,0.08371814
org.jsoup.parser.Tokeniser,characterReferenceError(String),255,258,0.08371814
org.jsoup.parser.Tokeniser,error(String),260,263,0.08371814
org.jsoup.parser.Parser,"parseFragmentInput(String,Element,String)",38,40,0.08371814
org.jsoup.parser.HtmlTreeBuilder,"inSpecificScope(String[],String[],String[])",469,486,0.08371814
org.jsoup.helper.DataUtil,getCharsetFromContentType(String),199,214,0.08371814
org.jsoup.nodes.Document,title(String),89,102,0.080742985
org.jsoup.nodes.Document,nodeName(),212,215,0.080742985
org.jsoup.parser.HtmlTreeBuilder,clearStackToTableBodyContext(),367,369,0.079208374
org.jsoup.helper.HttpConnection,maxBodySize(int),155,158,0.079208374
org.jsoup.helper.HttpConnection.Request,Request(),547,556,0.079208374
org.jsoup.helper.HttpConnection.Request,maxBodySize(),582,584,0.079208374
org.jsoup.helper.HttpConnection.Request,maxBodySize(int),586,590,0.079208374
org.jsoup.helper.HttpConnection.Response,bodyAsBytes(),866,869,0.079208374
org.jsoup.helper.HttpConnection.Response,bodyStream(),877,883,0.079208374
org.jsoup.helper.HttpConnection.Response,safeClose(),912,929,0.079208374
org.jsoup.nodes.Attributes,indexOfKey(String),70,77,0.07574818
org.jsoup.nodes.Attributes,indexOfKeyIgnoreCase(String),79,86,0.07574818
org.jsoup.nodes.Attributes,"add(String,String)",115,120,0.07574818
org.jsoup.nodes.Attributes,"putIgnoreCase(String,String)",137,146,0.07574818
org.jsoup.nodes.Attributes,dataKey(String),443,445,0.07574818
org.jsoup.parser.Token.Doctype,getPubSysKey(),58,60,0.07574818
org.jsoup.parser.Tag,isKnownTag(String),164,172,0.07574818
org.jsoup.helper.HttpConnection,"data(String,String)",187,190,0.07574818
org.jsoup.helper.HttpConnection,"data(String,String,InputStream)",197,200,0.07574818
org.jsoup.helper.HttpConnection,"data(String,String,InputStream,String)",202,206,0.07574818
org.jsoup.helper.HttpConnection,"data(Map<String,String>)",208,214,0.07574818
org.jsoup.helper.HttpConnection,"headers(Map<String,String>)",256,262,0.07574818
org.jsoup.helper.HttpConnection,"cookies(Map<String,String>)",269,275,0.07574818
org.jsoup.helper.HttpConnection.Base,headers(),469,478,0.07574818
org.jsoup.helper.HttpConnection.Base,scanHeaders(String),496,503,0.07574818
"org.jsoup.helper.HttpConnection.Response.setupFromConnection(HttpURLConnection,HttpConnection",Response),932,951,0.07574818
org.jsoup.helper.HttpConnection.Response,createHeaderMap(HttpURLConnection),953,975,0.07574818
org.jsoup.helper.HttpConnection.Response,"processResponseHeaders(Map<String,List<String>>)",977,1001,0.07574818
org.jsoup.helper.HttpConnection.Response.getRequestCookieString(Connection,Request),1070,1082,0.07574818
org.jsoup.helper.HttpConnection.Response.serialiseRequestUrl(Connection,Request),1085,1113,0.07574818
org.jsoup.helper.HttpConnection.KeyVal,"create(String,String)",1131,1133,0.07574818
org.jsoup.helper.HttpConnection.KeyVal,"create(String,String,InputStream)",1135,1137,0.07574818
org.jsoup.helper.HttpConnection.KeyVal,key(),1147,1149,0.07574818
org.jsoup.helper.HttpConnection.KeyVal,value(String),1151,1155,0.07574818
org.jsoup.helper.HttpConnection.KeyVal,toString(),1187,1190,0.07574818
org.jsoup.internal.StringUtil,isBlank(String),80,95,0.074921705
org.jsoup.internal.StringUtil,isNumeric(String),97,112,0.074921705
org.jsoup.internal.StringUtil,borrowBuilder(),234,248,0.074921705
org.jsoup.internal.StringUtil,releaseBuilder(StringBuilder),250,273,0.074921705
org.jsoup.select.Evaluator.IsEmpty,toString(),630,633,0.074921705
org.jsoup.select.QueryParser,consumeSubQuery(),133,146,0.074921705
org.jsoup.select.QueryParser,byId(),210,214,0.074921705
org.jsoup.select.QueryParser,byClass(),216,220,0.074921705
org.jsoup.select.QueryParser,byTag(),222,237,0.074921705
org.jsoup.select.QueryParser,contains(boolean),342,350,0.074921705
org.jsoup.select.QueryParser,containsData(),353,358,0.074921705
org.jsoup.select.QueryParser,matches(boolean),361,370,0.074921705
org.jsoup.select.Elements,val(),176,186,0.074921705
org.jsoup.select.Elements,select(String),447,454,0.074921705
org.jsoup.safety.Whitelist,addTags(String),200,214,0.074921705
org.jsoup.nodes.Attributes,checkNotNull(String),89,91,0.074921705
org.jsoup.nodes.Element,getElementsByTag(String),782,792,0.074921705
org.jsoup.nodes.Entities,isNamedEntity(String),79,87,0.074921705
org.jsoup.nodes.Entities,isBaseNamedEntity(String),89,98,0.074921705
org.jsoup.nodes.Entities,getByName(String),111,125,0.074921705
org.jsoup.nodes.Entities,"codepointsForName(String,int[])",127,140,0.074921705
org.jsoup.nodes.Entities,"appendEncoded(Appendable,EscapeMode,int)",248,254,0.074921705
org.jsoup.parser.TokenQueue,matchesWhitespace(),127,133,0.074921705
org.jsoup.parser.TokenQueue,consumeToIgnoreCase(String),191,213,0.074921705
org.jsoup.parser.TokenQueue,consumeToAny(String),215,229,0.074921705
org.jsoup.parser.TokenQueue,chompTo(String),231,243,0.074921705
org.jsoup.parser.TokenQueue,"chompBalanced(char,char)",251,297,0.074921705
org.jsoup.parser.TokenQueue,consumeWord(),332,341,0.074921705
org.jsoup.parser.TokenQueue,consumeTagName(),343,354,0.074921705
org.jsoup.parser.TokenQueue,consumeElementSelector(),356,367,0.074921705
org.jsoup.parser.TokenQueue,consumeCssIdentifier(),369,380,0.074921705
org.jsoup.parser.CharacterReader,consumeLetterThenDigitSequence(),314,333,0.074921705
org.jsoup.helper.HttpConnection,url(String),124,132,0.074921705
org.jsoup.helper.HttpConnection.Base,"addHeader(String,String)",365,378,0.074921705
org.jsoup.helper.HttpConnection.Base,headers(String),380,384,0.074921705
org.jsoup.helper.HttpConnection.Base,"header(String,String)",435,440,0.074921705
org.jsoup.helper.HttpConnection.Base,hasHeader(String),442,445,0.074921705
org.jsoup.helper.HttpConnection.Base,"hasHeaderWithValue(String,String)",447,459,0.074921705
org.jsoup.helper.HttpConnection.Base,cookie(String),505,508,0.074921705
org.jsoup.helper.HttpConnection.Base,"cookie(String,String)",510,515,0.074921705
org.jsoup.helper.HttpConnection.Base,removeCookie(String),522,526,0.074921705
org.jsoup.helper.Validate,notEmpty(String),86,93,0.0749217
org.jsoup.select.NodeTraversor,"traverse(NodeVisitor,Node)",35,61,0.058012936
org.jsoup.select.NodeTraversor,"filter(NodeFilter,Node)",75,125,0.058012936
org.jsoup.nodes.LeafNode,childNodeSize(),89,92,0.058012936
org.jsoup.nodes.FormElement,removeChild(Node),49,53,0.058012936
org.jsoup.nodes.Element,childNodeSize(),115,118,0.058012936
org.jsoup.nodes.Element,child(int),251,264,0.058012936
org.jsoup.nodes.Element,nodelistChanged(),299,306,0.058012936
org.jsoup.nodes.Element,appendChild(Node),404,419,0.058012936
org.jsoup.nodes.Element,appendTo(Element),421,431,0.058012936
org.jsoup.nodes.Element,prependChild(Node),433,444,0.058012936
org.jsoup.nodes.Element,"insertChildren(int,Collection<? extends Node>)",447,466,0.058012936
org.jsoup.nodes.Element,"insertChildren(int,Node)",468,485,0.058012936
org.jsoup.nodes.Element,previousElementSibling(),709,723,0.058012936
org.jsoup.nodes.Element,firstElementSibling(),742,750,0.058012936
org.jsoup.nodes.Element,elementSiblingIndex(),752,760,0.058012936
org.jsoup.nodes.Element,lastElementSibling(),762,769,0.058012936
org.jsoup.nodes.Element,hasText(),1184,1201,0.058012936
org.jsoup.nodes.Element,html(T),1442,1449,0.058012936
org.jsoup.nodes.Node,childNode(int),194,201,0.058012936
org.jsoup.nodes.Node,childNodesCopy(),212,224,0.058012936
org.jsoup.nodes.Node,childNodesAsArray(),232,234,0.058012936
org.jsoup.nodes.Node,remove(),272,278,0.058012936
org.jsoup.nodes.Node,getDeepChild(Element),395,401,0.058012936
org.jsoup.nodes.Node,replaceWith(Node),407,415,0.058012936
org.jsoup.nodes.Node,setParentNode(Node),417,422,0.058012936
org.jsoup.nodes.Node,"replaceChild(Node,Node)",424,435,0.058012936
org.jsoup.nodes.Node,removeChild(Node),437,443,0.058012936
org.jsoup.nodes.Node,addChildren(Node),445,454,0.058012936
org.jsoup.nodes.Node,"addChildren(int,Node)",456,465,0.058012936
org.jsoup.nodes.Node,reparentChild(Node),467,469,0.058012936
org.jsoup.nodes.Node,reindexChildren(int),471,477,0.058012936
org.jsoup.nodes.Node,nextSibling(),496,510,0.058012936
org.jsoup.nodes.Node,previousSibling(),512,524,0.058012936
org.jsoup.parser.XmlTreeBuilder,insertNode(Node),71,73,0.058012936
org.jsoup.parser.Tag,preserveWhitespace(),174,181,0.058012936
org.jsoup.parser.HtmlTreeBuilder,insertInFosterParent(Node),703,723,0.058012936
org.jsoup.internal.ConstrainableInputStream,"read(byte[],int,int)",48,70,0.053411085
org.jsoup.parser.ParseErrorList,"ParseErrorList(int,int)",14,17,0.053411085
org.jsoup.parser.ParseErrorList,noTracking(),27,29,0.053411085
org.jsoup.parser.ParseErrorList,tracking(int),31,33,0.053411085
org.jsoup.parser.XmlTreeBuilder,defaultSettings(),25,27,0.053411085
org.jsoup.parser.Tokeniser,"Tokeniser(CharacterReader,ParseErrorList)",50,53,0.053411085
org.jsoup.parser.Tokeniser,error(TokeniserState),245,248,0.053411085
org.jsoup.parser.Tokeniser,eofError(TokeniserState),250,253,0.053411085
org.jsoup.parser.Parser,setTreeBuilder(TreeBuilder),50,59,0.053411085
org.jsoup.parser.Parser,isTrackErrors(),61,67,0.053411085
org.jsoup.parser.Parser,setTrackErrors(int),69,77,0.053411085
org.jsoup.parser.Parser,getErrors(),79,85,0.053411085
org.jsoup.parser.Parser,settings(ParseSettings),87,90,0.053411085
org.jsoup.parser.Parser,settings(),92,94,0.053411085
org.jsoup.parser.HtmlTreeBuilder,defaultSettings(),59,61,0.053411085
org.jsoup.parser.HtmlTreeBuilder,isFragmentParsing(),188,190,0.053411085
org.jsoup.parser.HtmlTreeBuilder,error(HtmlTreeBuilderState),192,195,0.053411085
org.jsoup.select.Evaluator.IsLastChild,"matches(Element,Element)",399,403,0.050435923
org.jsoup.select.Evaluator.CssNthEvaluator,"matches(Element,Element)",443,452,0.050435923
org.jsoup.select.Evaluator.IsFirstChild,"matches(Element,Element)",561,565,0.050435923
org.jsoup.select.Evaluator.IsOnlyChild,"matches(Element,Element)",591,595,0.050435923
org.jsoup.select.Evaluator.IsOnlyOfType,"matches(Element,Element)",603,614,0.050435923
org.jsoup.safety.Cleaner,Cleaner(Whitelist),38,45,0.050435923
org.jsoup.nodes.Document,head(),63,69,0.050435923
org.jsoup.nodes.Document,updateMetaCharsetElement(boolean),259,274,0.050435923
org.jsoup.nodes.Document,updateMetaCharsetElement(),276,286,0.050435923
org.jsoup.nodes.Document.OutputSettings,escapeMode(),389,399,0.050435923
org.jsoup.nodes.Document,quirksMode(QuirksMode),575,578,0.050435923
org.jsoup.nodes.Element,parents(),233,241,0.050435923
org.jsoup.nodes.Node,ownerDocument(),263,270,0.050435923
org.jsoup.parser.Parser,htmlParser(),201,208,0.050435923
org.jsoup.nodes.Attributes,checkCapacity(int),48,60,0.04544112
org.jsoup.nodes.Attributes,normalize(),376,383,0.04544112
org.jsoup.nodes.Attribute,hashCode(),193,198,0.04544112
org.jsoup.nodes.Entities,size(),71,73,0.04544112
org.jsoup.helper.HttpConnection.data(Collection<Connection,KeyVal>),229,235,0.04544112
org.jsoup.helper.HttpConnection.Request.data(Connection,KeyVal),627,631,0.04544112
org.jsoup.helper.HttpConnection.Request,data(),633,635,0.04544112
org.jsoup.helper.HttpConnection.needsMultipart(Connection,Request),1116,1123,0.04544112
org.jsoup.helper.HttpConnection.KeyVal,inputStream(InputStream),1161,1165,0.04544112
org.jsoup.select.Collector,"collect(Evaluator,Element)",19,29,0.04461464
org.jsoup.select.Selector,"select(Evaluator,Element)",94,105,0.04461464
org.jsoup.select.Elements,eq(int),471,480,0.04461464
org.jsoup.select.Elements,first(),594,600,0.04461464
org.jsoup.select.Elements,last(),602,608,0.04461464
org.jsoup.select.Elements,forms(),630,641,0.04461464
org.jsoup.nodes.Element,nextElementSiblings(),700,707,0.04461464
org.jsoup.nodes.Element,previousElementSiblings(),725,732,0.04461464
org.jsoup.parser.TokenQueue,isEmpty(),26,32,0.04461464
org.jsoup.parser.TokenQueue,peek(),38,44,0.04461464
org.jsoup.parser.TokenQueue,matchesAny(char),96,105,0.04461464
org.jsoup.parser.TokenQueue,matchesWord(),135,141,0.04461464
org.jsoup.parser.TokenQueue,advance(),143,148,0.04461464
org.jsoup.parser.CharacterReader,isEmpty(),76,83,0.04461464
org.jsoup.parser.CharacterReader,isEmptyNoBufferUp(),85,87,0.04461464
org.jsoup.parser.CharacterReader,current(),89,96,0.04461464
org.jsoup.parser.CharacterReader,consume(),98,103,0.04461464
org.jsoup.parser.CharacterReader,nextIndexOf(CharSequence),148,171,0.04461464
org.jsoup.parser.CharacterReader,matches(char),361,364,0.04461464
org.jsoup.parser.CharacterReader,matchesAny(char),393,404,0.04461464
org.jsoup.parser.CharacterReader,matchesAnySorted(char[]),406,409,0.04461464
org.jsoup.parser.CharacterReader,matchesLetter(),411,416,0.04461464
org.jsoup.parser.CharacterReader,matchesDigit(),418,423,0.04461464
org.jsoup.parser.Tag,isData(),128,135,0.04461464
org.jsoup.parser.Tag,isEmpty(),137,144,0.04461464
org.jsoup.helper.DataUtil,emptyByteBuffer(),195,197,0.04461464
org.jsoup.internal.StringUtil,"join(String[],String)",53,61,0.030307064
org.jsoup.internal.StringUtil,padding(int),63,78,0.030307064
org.jsoup.internal.StringUtil,normaliseWhitespace(String),139,149,0.030307064
org.jsoup.internal.StringUtil,"appendNormalisedWhitespace(StringBuilder,String,boolean)",151,177,0.030307064
org.jsoup.internal.StringUtil,"in(String,String)",179,186,0.030307064
org.jsoup.internal.StringUtil,"inSorted(String,String[])",188,190,0.030307064
org.jsoup.internal.StringUtil,"resolve(URL,String)",192,208,0.030307064
org.jsoup.internal.Normalizer,lowerCase(String),10,12,0.030307064
org.jsoup.internal.Normalizer,normalize(String),14,16,0.030307064
org.jsoup.examples.ListLinks,"trim(String,int)",50,55,0.030307064
org.jsoup.examples.HtmlToPlainText.FormattingVisitor,"head(Node,int)",75,85,0.030307064
org.jsoup.examples.HtmlToPlainText.FormattingVisitor,toString(),125,128,0.030307064
org.jsoup.select.Evaluator.Tag,Tag(String),44,46,0.030307064
org.jsoup.select.Evaluator.TagEndsWith,TagEndsWith(String),66,68,0.030307064
org.jsoup.select.Evaluator.Id,Id(String),87,89,0.030307064
org.jsoup.select.Evaluator.AllElements,toString(),329,332,0.030307064
org.jsoup.select.Evaluator.IsFirstOfType,toString(),415,418,0.030307064
org.jsoup.select.Evaluator.IsLastOfType,toString(),425,428,0.030307064
org.jsoup.select.Evaluator.IsNthOfType,getPseudoClass(),529,532,0.030307064
org.jsoup.select.Evaluator.IsNthLastOfType,getPseudoClass(),551,554,0.030307064
org.jsoup.select.Evaluator.IsRoot,toString(),584,587,0.030307064
org.jsoup.select.Evaluator.IsOnlyOfType,toString(),615,618,0.030307064
org.jsoup.select.Evaluator.ContainsText,ContainsText(String),655,657,0.030307064
org.jsoup.select.Evaluator.ContainsData,ContainsData(String),676,678,0.030307064
org.jsoup.select.Evaluator.ContainsOwnText,ContainsOwnText(String),697,699,0.030307064
org.jsoup.select.Evaluator.MatchText,toString(),773,776,0.030307064
org.jsoup.select.QueryParser,QueryParser(String),25,32,0.030307064
org.jsoup.select.Elements,val(String),188,197,0.030307064
org.jsoup.select.Elements,text(),199,216,0.030307064
org.jsoup.select.Elements,eachText(),231,246,0.030307064
org.jsoup.select.Elements,html(),248,262,0.030307064
org.jsoup.select.Elements,outerHtml(),264,278,0.030307064
org.jsoup.select.Elements,toString(),280,289,0.030307064
org.jsoup.select.Elements,prepend(String),318,329,0.030307064
org.jsoup.select.Elements,append(String),331,342,0.030307064
org.jsoup.select.Elements,before(String),344,355,0.030307064
org.jsoup.select.Elements,after(String),357,368,0.030307064
org.jsoup.select.Elements,next(String),504,511,0.030307064
org.jsoup.select.Elements,nextAll(String),521,528,0.030307064
org.jsoup.select.Elements,prev(String),538,545,0.030307064
org.jsoup.select.Elements,prevAll(String),555,562,0.030307064
org.jsoup.select.CombiningEvaluator.And,toString(),60,63,0.030307064
org.jsoup.select.CombiningEvaluator.Or,toString(),101,104,0.030307064
org.jsoup.UnsupportedMimeTypeException,"UnsupportedMimeTypeException(String,String,String)",12,16,0.030307064
org.jsoup.UnsupportedMimeTypeException,getMimeType(),18,20,0.030307064
org.jsoup.UnsupportedMimeTypeException,getUrl(),22,24,0.030307064
org.jsoup.UnsupportedMimeTypeException,toString(),26,29,0.030307064
org.jsoup.safety.Whitelist,isSafeTag(String),480,487,0.030307064
org.jsoup.safety.Whitelist,isValidAnchor(String),552,554,0.030307064
org.jsoup.safety.Whitelist.TagName,TagName(String),571,573,0.030307064
org.jsoup.safety.Whitelist.TagName,valueOf(String),575,577,0.030307064
org.jsoup.safety.Whitelist.Protocol,Protocol(String),601,603,0.030307064
org.jsoup.safety.Whitelist.Protocol,valueOf(String),605,607,0.030307064
org.jsoup.safety.Whitelist.TypedValue,TypedValue(String),613,616,0.030307064
org.jsoup.safety.Whitelist.TypedValue,toString(),637,640,0.030307064
org.jsoup.HttpStatusException,"HttpStatusException(String,int,String)",12,16,0.030307064
org.jsoup.HttpStatusException,getUrl(),22,24,0.030307064
org.jsoup.HttpStatusException,toString(),26,29,0.030307064
org.jsoup.nodes.Comment,Comment(String),15,21,0.030307064
org.jsoup.nodes.Comment,"Comment(String,String)",23,31,0.030307064
org.jsoup.nodes.Comment,nodeName(),33,35,0.030307064
org.jsoup.nodes.Comment,getData(),37,43,0.030307064
org.jsoup.nodes.Comment,toString(),56,59,0.030307064
org.jsoup.nodes.Comment,isXmlDeclaration(),61,68,0.030307064
org.jsoup.nodes.DocumentType,nodeName(),78,81,0.030307064
org.jsoup.nodes.DataNode,DataNode(String),11,17,0.030307064
org.jsoup.nodes.DataNode,"DataNode(String,String)",19,27,0.030307064
org.jsoup.nodes.DataNode,nodeName(),29,31,0.030307064
org.jsoup.nodes.DataNode,getWholeData(),33,39,0.030307064
org.jsoup.nodes.DataNode,setWholeData(String),41,49,0.030307064
org.jsoup.nodes.DataNode,toString(),57,60,0.030307064
org.jsoup.nodes.DataNode,"createFromEncoded(String,String)",62,71,0.030307064
org.jsoup.nodes.LeafNode,baseUri(),79,82,0.030307064
org.jsoup.nodes.LeafNode,doSetBaseUri(String),84,87,0.030307064
org.jsoup.nodes.Attributes,toString(),328,331,0.030307064
org.jsoup.nodes.Attributes.Dataset,entrySet(),392,395,0.030307064
org.jsoup.nodes.CDataNode,CDataNode(String),11,13,0.030307064
org.jsoup.nodes.CDataNode,nodeName(),15,18,0.030307064
org.jsoup.nodes.CDataNode,text(),20,27,0.030307064
org.jsoup.nodes.Document,outerHtml(),196,199,0.030307064
org.jsoup.nodes.Element,baseUri(),105,108,0.030307064
org.jsoup.nodes.Element,doSetBaseUri(String),110,113,0.030307064
org.jsoup.nodes.Element,nodeName(),120,123,0.030307064
org.jsoup.nodes.Element,normalName(),135,142,0.030307064
org.jsoup.nodes.Element,selectFirst(String),375,384,0.030307064
org.jsoup.nodes.Element,before(String),565,575,0.030307064
org.jsoup.nodes.Element,after(String),588,598,0.030307064
org.jsoup.nodes.Element,getElementsContainingText(String),965,974,0.030307064
org.jsoup.nodes.Element,getElementsContainingOwnText(String),976,985,0.030307064
org.jsoup.nodes.Element,wholeText(),1088,1110,0.030307064
org.jsoup.nodes.Element,"appendNormalisedText(StringBuilder,TextNode)",1140,1147,0.030307064
org.jsoup.nodes.Element,"appendWhitespaceIfBr(Element,StringBuilder)",1149,1152,0.030307064
org.jsoup.nodes.Node,setBaseUri(String),142,157,0.030307064
org.jsoup.nodes.Node,before(String),280,289,0.030307064
org.jsoup.nodes.Node,after(String),305,314,0.030307064
org.jsoup.nodes.Node,outerHtml(),562,572,0.030307064
org.jsoup.nodes.Node,toString(),598,605,0.030307064
org.jsoup.nodes.Entities,"EscapeMode(String,int)",51,53,0.030307064
org.jsoup.nodes.Entities,getCharacterByName(String),100,109,0.030307064
org.jsoup.nodes.Entities,unescape(String),256,264,0.030307064
org.jsoup.nodes.Entities,"unescape(String,boolean)",266,275,0.030307064
org.jsoup.nodes.Entities,byName(String),305,311,0.030307064
org.jsoup.nodes.TextNode,TextNode(String),14,22,0.030307064
org.jsoup.nodes.TextNode,"TextNode(String,String)",24,34,0.030307064
org.jsoup.nodes.TextNode,nodeName(),36,38,0.030307064
org.jsoup.nodes.TextNode,text(),40,47,0.030307064
org.jsoup.nodes.TextNode,text(String),49,57,0.030307064
org.jsoup.nodes.TextNode,getWholeText(),59,65,0.030307064
org.jsoup.nodes.TextNode,splitText(int),75,94,0.030307064
org.jsoup.nodes.TextNode,toString(),107,110,0.030307064
org.jsoup.nodes.TextNode,"createFromEncoded(String,String)",112,122,0.030307064
org.jsoup.nodes.TextNode,createFromEncoded(String),124,132,0.030307064
org.jsoup.nodes.TextNode,normaliseWhitespace(String),134,137,0.030307064
org.jsoup.nodes.TextNode,stripLeadingWhitespace(String),139,141,0.030307064
org.jsoup.nodes.TextNode,lastCharIsWhitespace(StringBuilder),143,145,0.030307064
org.jsoup.nodes.XmlDeclaration,"XmlDeclaration(String,boolean)",16,25,0.030307064
org.jsoup.nodes.XmlDeclaration,"XmlDeclaration(String,String,boolean)",27,37,0.030307064
org.jsoup.nodes.XmlDeclaration,nodeName(),39,41,0.030307064
org.jsoup.nodes.XmlDeclaration,name(),43,49,0.030307064
org.jsoup.nodes.XmlDeclaration,toString(),88,91,0.030307064
org.jsoup.SerializationException,SerializationException(String),15,23,0.030307064
org.jsoup.SerializationException,SerializationException(Throwable),25,35,0.030307064
org.jsoup.SerializationException,"SerializationException(String,Throwable)",37,47,0.030307064
org.jsoup.parser.ParseError,getErrorMessage(),20,26,0.030307064
org.jsoup.parser.ParseError,toString(),36,39,0.030307064
org.jsoup.parser.ParseSettings,normalizeTag(String),38,46,0.030307064
org.jsoup.parser.XmlTreeBuilder.insert(Token,Character),102,105,0.030307064
org.jsoup.parser.XmlTreeBuilder.popStackToClose(Token,EndTag),113,139,0.030307064
org.jsoup.parser.TokenQueue,TokenQueue(String),17,24,0.030307064
org.jsoup.parser.TokenQueue,addFirst(Character),46,52,0.030307064
org.jsoup.parser.TokenQueue,addFirst(String),54,62,0.030307064
org.jsoup.parser.TokenQueue,matches(String),64,71,0.030307064
org.jsoup.parser.TokenQueue,matchesCS(String),73,80,0.030307064
org.jsoup.parser.TokenQueue,matchesAny(String),83,94,0.030307064
org.jsoup.parser.TokenQueue,matchChomp(String),112,125,0.030307064
org.jsoup.parser.TokenQueue,consumeTo(String),175,189,0.030307064
org.jsoup.parser.TokenQueue,chompToIgnoreCase(String),245,249,0.030307064
org.jsoup.parser.TokenQueue,unescape(String),299,317,0.030307064
org.jsoup.parser.TokenQueue,remainder(),394,402,0.030307064
org.jsoup.parser.TokenQueue,toString(),404,407,0.030307064
org.jsoup.parser.CharacterReader,CharacterReader(String),42,44,0.030307064
org.jsoup.parser.CharacterReader,consumeTo(char),173,187,0.030307064
org.jsoup.parser.CharacterReader,consumeTo(String),189,198,0.030307064
org.jsoup.parser.CharacterReader,consumeToAny(char),200,224,0.030307064
org.jsoup.parser.CharacterReader,consumeToAnySorted(char),226,240,0.030307064
org.jsoup.parser.CharacterReader,consumeData(),242,262,0.030307064
org.jsoup.parser.CharacterReader,consumeTagName(),264,291,0.030307064
org.jsoup.parser.CharacterReader,consumeToEnd(),293,298,0.030307064
org.jsoup.parser.CharacterReader,consumeLetterSequence(),300,312,0.030307064
org.jsoup.parser.CharacterReader,consumeHexSequence(),335,346,0.030307064
org.jsoup.parser.CharacterReader,consumeDigitSequence(),348,359,0.030307064
org.jsoup.parser.CharacterReader,matches(String),366,376,0.030307064
org.jsoup.parser.CharacterReader,matchesIgnoreCase(String),378,391,0.030307064
org.jsoup.parser.CharacterReader,matchConsume(String),425,433,0.030307064
org.jsoup.parser.CharacterReader,matchConsumeIgnoreCase(String),435,442,0.030307064
org.jsoup.parser.CharacterReader,containsIgnoreCase(String),444,449,0.030307064
org.jsoup.parser.CharacterReader,toString(),451,454,0.030307064
org.jsoup.parser.CharacterReader,"rangeEquals(char[],int,int,String)",495,509,0.030307064
org.jsoup.parser.CharacterReader,"rangeEquals(int,int,String)",512,514,0.030307064
org.jsoup.parser.Tokeniser,read(),55,73,0.030307064
org.jsoup.parser.Tokeniser,emit(String),91,103,0.030307064
org.jsoup.parser.Tokeniser,emit(char[]),105,107,0.030307064
org.jsoup.parser.Tokeniser,emit(int[]),109,111,0.030307064
org.jsoup.parser.Tokeniser,emit(char),113,115,0.030307064
org.jsoup.parser.Tokeniser,appropriateEndTagName(),241,243,0.030307064
org.jsoup.parser.TreeBuilder,processStartTag(String),66,71,0.030307064
org.jsoup.parser.TreeBuilder,processEndTag(String),82,87,0.030307064
org.jsoup.parser.Token,tokenType(),17,19,0.030307064
org.jsoup.parser.Token,reset(StringBuilder),27,31,0.030307064
org.jsoup.parser.Token.Doctype,getName(),54,56,0.030307064
org.jsoup.parser.Token.Doctype,getPublicIdentifier(),62,64,0.030307064
org.jsoup.parser.Token.Tag,name(),133,137,0.030307064
org.jsoup.parser.Token.Tag,normalName(),139,142,0.030307064
org.jsoup.parser.Token.Tag,name(String),144,148,0.030307064
org.jsoup.parser.Token.Tag,appendTagName(String),160,163,0.030307064
org.jsoup.parser.Token.Tag,appendTagName(char),165,167,0.030307064
org.jsoup.parser.Token.EndTag,toString(),254,257,0.030307064
org.jsoup.parser.Token.Comment,getData(),275,277,0.030307064
org.jsoup.parser.Token.Comment,toString(),279,282,0.030307064
org.jsoup.parser.Token.Character,data(String),299,302,0.030307064
org.jsoup.parser.Token.Character,getData(),304,306,0.030307064
org.jsoup.parser.Token.Character,toString(),308,311,0.030307064
org.jsoup.parser.Token.CData,CData(String),315,318,0.030307064
org.jsoup.parser.Token.CData,toString(),320,323,0.030307064
org.jsoup.parser.Tag,Tag(String),28,31,0.030307064
org.jsoup.parser.Tag,getName(),33,40,0.030307064
org.jsoup.parser.Tag,normalName(),42,48,0.030307064
org.jsoup.parser.Tag,toString(),236,239,0.030307064
org.jsoup.parser.HtmlTreeBuilder,getBaseUri(),172,174,0.030307064
org.jsoup.parser.HtmlTreeBuilder,insertStartTag(String),213,217,0.030307064
org.jsoup.parser.HtmlTreeBuilder,getFromStack(String),312,320,0.030307064
org.jsoup.parser.HtmlTreeBuilder,popStackToClose(String),333,340,0.030307064
org.jsoup.parser.HtmlTreeBuilder,popStackToClose(String),343,350,0.030307064
org.jsoup.parser.HtmlTreeBuilder,popStackToBefore(String),352,361,0.030307064
org.jsoup.parser.HtmlTreeBuilder,clearStackToContext(String),375,383,0.030307064
org.jsoup.parser.HtmlTreeBuilder,"inSpecificScope(String,String[],String[])",464,467,0.030307064
org.jsoup.parser.HtmlTreeBuilder,inScope(String[]),488,490,0.030307064
org.jsoup.parser.HtmlTreeBuilder,inScope(String),492,494,0.030307064
org.jsoup.parser.HtmlTreeBuilder,"inScope(String,String[])",496,500,0.030307064
org.jsoup.parser.HtmlTreeBuilder,inListItemScope(String),502,504,0.030307064
org.jsoup.parser.HtmlTreeBuilder,inButtonScope(String),506,508,0.030307064
org.jsoup.parser.HtmlTreeBuilder,inTableScope(String),510,512,0.030307064
org.jsoup.parser.HtmlTreeBuilder,inSelectScope(String),514,525,0.030307064
org.jsoup.parser.HtmlTreeBuilder,getPendingTableCharacters(),555,557,0.030307064
org.jsoup.parser.HtmlTreeBuilder,generateImpliedEndTags(String),559,572,0.030307064
org.jsoup.parser.HtmlTreeBuilder,isSpecial(Element),578,583,0.030307064
org.jsoup.parser.HtmlTreeBuilder,toString(),725,732,0.030307064
org.jsoup.helper.HttpConnection,connect(String),67,71,0.030307064
org.jsoup.helper.HttpConnection,encodeUrl(String),84,96,0.030307064
org.jsoup.helper.HttpConnection,encodeUrl(URL),98,108,0.030307064
org.jsoup.helper.HttpConnection,encodeMimeName(String),110,114,0.030307064
org.jsoup.helper.HttpConnection,"proxy(String,int)",139,142,0.030307064
org.jsoup.helper.HttpConnection,userAgent(String),144,148,0.030307064
org.jsoup.helper.HttpConnection,referrer(String),165,169,0.030307064
org.jsoup.helper.HttpConnection,"header(String,String)",251,254,0.030307064
org.jsoup.helper.HttpConnection,"cookie(String,String)",264,267,0.030307064
org.jsoup.helper.HttpConnection,postDataCharset(String),317,320,0.030307064
org.jsoup.helper.HttpConnection.Base,header(String),354,363,0.030307064
org.jsoup.helper.HttpConnection.Base,fixHeaderEncoding(String),386,396,0.030307064
org.jsoup.helper.HttpConnection.Base,multiHeaders(),480,483,0.030307064
org.jsoup.helper.HttpConnection.Base,cookies(),528,530,0.030307064
org.jsoup.helper.HttpConnection.Request,"proxy(String,int)",567,570,0.030307064
org.jsoup.helper.HttpConnection.Request,postDataCharset(String),656,661,0.030307064
org.jsoup.helper.HttpConnection.Request,postDataCharset(),663,665,0.030307064
org.jsoup.helper.HttpConnection.Response,statusMessage(),808,810,0.030307064
org.jsoup.helper.HttpConnection.Response,charset(),812,814,0.030307064
org.jsoup.helper.HttpConnection.Response,charset(String),816,819,0.030307064
org.jsoup.helper.HttpConnection.Response,contentType(),821,823,0.030307064
org.jsoup.helper.HttpConnection.KeyVal,contentType(),1182,1185,0.030307064
org.jsoup.helper.DataUtil,validateCharset(String),216,227,0.030307064
org.jsoup.helper.DataUtil,mimeBoundary(),229,239,0.030307064
org.jsoup.helper.DataUtil.BomCharset,"BomCharset(String,boolean)",266,269,0.030307064
